40095117
48123391
78662466
96399639
98527598
99787278
104305571
105890104
107534215
119654793
131857512
135555005
136682827
137379402
138585583
138741497
138747274
139634446
144770298
144971614
145005358
145013480
146554805
147935541
152001016
152459172
152809641
154332375
154332625
154795061
155926563
155940937
155990438
156820153
157214974
158753739
159245245
159333926
159427461
160706540
161521528
161571115
162447697
163280563
164663988
164945231
166867726
166892321
166970600
167608465
168358655
169316488
169417854
169487232
169782745
169858295
170100069
171220394
173968578
176610025
179660063
180515490
181712055
182023382
185343651
189084002
189775392
191309638
191750249
194582873
195582226
202304915
203066086
203307292
205749276
206433421
208686786
210423435
212101389
217183677
219233800
220092091
221122732
223800490
230094270
231092168
231178420
233995201
233999915
234693648
236029867
238980575
245773054
246534385
251234393
253201616
256496685
262040980
264434322
266075859
267700631
269745570
271831793
276603799
279025901
283930985
284544526
292181496
296324260
299357095
307036624
308271816
314787883
315503001
322708758
326758813
327958359
332683291
333578566
339791097
341106382
342634809
344786546
352220380
352972473
354696796
355495855
355912124
360067236
367884284
375047248
376476368
383916140
384542893
384571789
392412555
396166805
415641559
429109482
429992440
431154919
431770456
434648678
435806646
441007753
443353841
445813135
446133725
448364363
450447709
455300264
456454609
456898168
461953550
466653507
468194097
471384166
471987364
478121215
495574386
496170937
503587969
504405293
507463146
518850998
519038556
519762782
520479441
521262140
541278017
547084906
547633125
553169407
554896453
564805800
565730437
573529736
580946681
582903697
583198325
593165721